

╔══════════════════════════════════════════════════════════════════════════════╗
║                    TRIG LOOKUP TABLE GENERATOR                               ║
║                         High-Precision Edition                                ║
╚══════════════════════════════════════════════════════════════════════════════╝

================================================================================
GENERATING TAN(x) LOOKUP TABLE
================================================================================
Range: [0, 1.5607963268] radians
Points: 500
Step size: 0.0031278484
Inverse step: 319.7085945382
Max value: tan(1.5607963268) = 99.9966666444

  tan(0.0000000000) = 0.0000000000
  tan(0.3127848350) = 0.3234008408
  tan(0.6255696701) = 0.7223510032
  tan(0.9383545051) = 1.3645146371
  tan(1.2511393401) = 3.0210680300
  tan(1.5607963268) = 99.9966666444

Vyper Constants:
MAX_ANGLE: constant(decimal) = 1.5607963268
STEP_SIZE: constant(decimal) = 0.0031278484
INV_STEP: constant(decimal) = 319.7085945382
TABLE_SIZE: constant(uint256) = 500

TAN_TABLE: constant(decimal[500]) = [
    0.0000000000, 0.0031278586, 0.0062557783, 0.0093838205, 0.0125120463,
    0.0156405169, 0.0187692937, 0.0218984378, 0.0250280107, 0.0281580736,
    0.0312886879, 0.0344199150, 0.0375518164, 0.0406844536, 0.0438178882,
    0.0469521818, 0.0500873962, 0.0532235931, 0.0563608344, 0.0594991820,
    0.0626386979, 0.0657794443, 0.0689214833, 0.0720648774, 0.0752096889,
    0.0783559803, 0.0815038143, 0.0846532537, 0.0878043614, 0.0909572004,
    0.0941118339, 0.0972683252, 0.1004267377, 0.1035871351, 0.1067495812,
    0.1099141398, 0.1130808751, 0.1162498513, 0.1194211330, 0.1225947846,
    0.1257708712, 0.1289494576, 0.1321306091, 0.1353143912, 0.1385008695,
    0.1416901097, 0.1448821781, 0.1480771410, 0.1512750647, 0.1544760162,
    0.1576800625, 0.1608872708, 0.1640977087, 0.1673114439, 0.1705285446,
    0.1737490790, 0.1769731158, 0.1802007239, 0.1834319725, 0.1866669310,
    0.1899056694, 0.1931482576, 0.1963947662, 0.1996452659, 0.2028998277,
    0.2061585231, 0.2094214238, 0.2126886020, 0.2159601302, 0.2192360811,
    0.2225165280, 0.2258015445, 0.2290912045, 0.2323855824, 0.2356847530,
    0.2389887913, 0.2422977731, 0.2456117742, 0.2489308711, 0.2522551407,
    0.2555846603, 0.2589195075, 0.2622597607, 0.2656054985, 0.2689568000,
    0.2723137449, 0.2756764133, 0.2790448858, 0.2824192435, 0.2857995681,
    0.2891859417, 0.2925784470, 0.2959771673, 0.2993821863, 0.3027935884,
    0.3062114584, 0.3096358819, 0.3130669449, 0.3165047341, 0.3199493368,
    0.3234008408, 0.3268593346, 0.3303249073, 0.3337976488, 0.3372776494,
    0.3407650003, 0.3442597932, 0.3477621206, 0.3512720756, 0.3547897521,
    0.3583152446, 0.3618486484, 0.3653900596, 0.3689395749, 0.3724972919,
    0.3760633089, 0.3796377250, 0.3832206401, 0.3868121549, 0.3904123709,
    0.3940213905, 0.3976393170, 0.4012662542, 0.4049023073, 0.4085475821,
    0.4122021851, 0.4158662242, 0.4195398079, 0.4232230456, 0.4269160479,
    0.4306189261, 0.4343317927, 0.4380547611, 0.4417879457, 0.4455314620,
    0.4492854264, 0.4530499567, 0.4568251713, 0.4606111900, 0.4644081338,
    0.4682161244, 0.4720352852, 0.4758657403, 0.4797076152, 0.4835610365,
    0.4874261322, 0.4913030314, 0.4951918644, 0.4990927627, 0.5030058595,
    0.5069312889, 0.5108691864, 0.5148196890, 0.5187829349, 0.5227590640,
    0.5267482172, 0.5307505371, 0.5347661677, 0.5387952545, 0.5428379444,
    0.5468943861, 0.5509647295, 0.5550491262, 0.5591477296, 0.5632606945,
    0.5673881774, 0.5715303366, 0.5756873318, 0.5798593248, 0.5840464790,
    0.5882489594, 0.5924669331, 0.5967005690, 0.6009500377, 0.6052155118,
    0.6094971658, 0.6137951764, 0.6181097218, 0.6224409827, 0.6267891417,
    0.6311543833, 0.6355368944, 0.6399368639, 0.6443544830, 0.6487899451,
    0.6532434457, 0.6577151828, 0.6622053567, 0.6667141702, 0.6712418281,
    0.6757885381, 0.6803545103, 0.6849399571, 0.6895450939, 0.6941701382,
    0.6988153107, 0.7034808345, 0.7081669354, 0.7128738423, 0.7176017868,
    0.7223510032, 0.7271217292, 0.7319142050, 0.7367286743, 0.7415653836,
    0.7464245826, 0.7513065244, 0.7562114652, 0.7611396645, 0.7660913853,
    0.7710668940, 0.7760664605, 0.7810903582, 0.7861388642, 0.7912122592,
    0.7963108278, 0.8014348583, 0.8065846430, 0.8117604780, 0.8169626635,
    0.8221915039, 0.8274473077, 0.8327303875, 0.8380410605, 0.8433796481,
    0.8487464763, 0.8541418756, 0.8595661812, 0.8650197330, 0.8705028758,
    0.8760159593, 0.8815593380, 0.8871333719, 0.8927384257, 0.8983748699,
    0.9040430800, 0.9097434373, 0.9154763284, 0.9212421458, 0.9270412879,
    0.9328741587, 0.9387411686, 0.9446427340, 0.9505792776, 0.9565512284,
    0.9625590221, 0.9686031009, 0.9746839140, 0.9808019173, 0.9869575738,
    0.9931513539, 0.9993837350, 1.0056552023, 1.0119662484, 1.0183173740,
    1.0247090875, 1.0311419055, 1.0376163528, 1.0441329628, 1.0506922775,
    1.0572948476, 1.0639412329, 1.0706320024, 1.0773677344, 1.0841490167,
    1.0909764471, 1.0978506331, 1.1047721926, 1.1117417539, 1.1187599558,
    1.1258274481, 1.1329448917, 1.1401129587, 1.1473323329, 1.1546037100,
    1.1619277977, 1.1693053161, 1.1767369980, 1.1842235891, 1.1917658483,
    1.1993645481, 1.2070204747, 1.2147344287, 1.2225072248, 1.2303396928,
    1.2382326775, 1.2461870392, 1.2542036541, 1.2622834147, 1.2704272299,
    1.2786360257, 1.2869107456, 1.2952523508, 1.3036618207, 1.3121401535,
    1.3206883665, 1.3293074964, 1.3379986004, 1.3467627558, 1.3556010614,
    1.3645146371, 1.3735046255, 1.3825721914, 1.3917185231, 1.4009448328,
    1.4102523569, 1.4196423571, 1.4291161208, 1.4386749615, 1.4483202202,
    1.4580532653, 1.4678754939, 1.4777883322, 1.4877932366, 1.4978916941,
    1.5080852235, 1.5183753760, 1.5287637363, 1.5392519230, 1.5498415905,
    1.5605344288, 1.5713321654, 1.5822365660, 1.5932494354, 1.6043726189,
    1.6156080033, 1.6269575181, 1.6384231366, 1.6500068775, 1.6617108058,
    1.6735370343, 1.6854877252, 1.6975650913, 1.7097713974, 1.7221089622,
    1.7345801597, 1.7471874210, 1.7599332357, 1.7728201540, 1.7858507886,
    1.7990278162, 1.8123539800, 1.8258320916, 1.8394650329, 1.8532557587,
    1.8672072986, 1.8813227599, 1.8956053298, 1.9100582779, 1.9246849591,
    1.9394888163, 1.9544733834, 1.9696422883, 1.9849992557, 2.0005481112,
    2.0162927838, 2.0322373099, 2.0483858372, 2.0647426280, 2.0813120638,
    2.0980986489, 2.1151070152, 2.1323419268, 2.1498082841, 2.1675111295,
    2.1854556523, 2.2036471939, 2.2220912535, 2.2407934943, 2.2597597493,
    2.2789960277, 2.2985085220, 2.3183036147, 2.3383878856, 2.3587681199,
    2.3794513157, 2.4004446931, 2.4217557024, 2.4433920340, 2.4653616275,
    2.4876726825, 2.5103336689, 2.5333533384, 2.5567407361, 2.5805052132,
    2.6046564398, 2.6292044186, 2.6541594997, 2.6795323954, 2.7053341964,
    2.7315763885, 2.7582708708, 2.7854299739, 2.8130664800, 2.8411936435,
    2.8698252135, 2.8989754566, 2.9286591817, 2.9588917661, 2.9896891828,
    3.0210680300, 3.0530455616, 3.0856397202, 3.1188691717, 3.1527533422,
    3.1873124571, 3.2225675824, 3.2585406692, 3.2952546006, 3.3327332415,
    3.3710014922, 3.4100853446, 3.4500119435, 3.4908096503, 3.5325081130,
    3.5751383390, 3.6187327745, 3.6633253892, 3.7089517658, 3.7556491980,
    3.8034567939, 3.8524155881, 3.9025686616, 3.9539612710, 4.0066409878,
    4.0606578481, 4.1160645145, 4.1729164506, 4.2312721100, 4.2911931401,
    4.3527446039, 4.4159952191, 4.4810176193, 4.5478886362, 4.6166896078,
    4.6875067136, 4.7604313403, 4.8355604810, 4.9129971722, 4.9928509716,
    5.0752384824, 5.1602839291, 5.2481197905, 5.3388874966, 5.4327381982,
    5.5298336160, 5.6303469814, 5.7344640794, 5.8423844063, 5.9543224587,
    6.0705091702, 6.1911935168, 6.3166443142, 6.4471522339, 6.5830320705,
    6.7246252975, 6.8723029549, 7.0264689194, 7.1875636201, 7.3560682687,
    7.5325096921, 7.7174658687, 7.9115722911, 8.1155293024, 8.3301105850,
    8.5561730192, 8.7946681755, 9.0466557656, 9.3133194544, 9.5959855290,
    9.8961450469, 10.2154802444, 10.5558961912, 10.9195589513, 11.3089418626,
    11.7268820279, 12.1766497427, 12.6620344565, 13.1874520491, 13.7580798533,
    14.3800281769, 15.0605603733, 15.8083782907, 16.6339969365, 17.5502426779,
    18.5729252627, 19.7217587816, 21.0216462375, 22.5045070023, 24.2119351195,
    26.1991652808, 28.5411639858, 31.3423047611, 34.7523553044, 38.9941666963,
    44.4144462998, 51.5836888264, 61.5114771337, 76.1695691371, 99.9966666444
]

================================================================================
GENERATING ASIN(x) LOOKUP TABLE
================================================================================
Range: [0, 1]
Points: 500
Step size: 0.0020040080
Inverse step: 499.0000000000
Output range: [0, π/2] = [0, 1.5707963268] radians

  asin(0.0000000000) = 0.0000000000
  asin(0.2004008016) = 0.2017670043
  asin(0.4008016032) = 0.4123916340
  asin(0.6012024048) = 0.6450049635
  asin(0.8016032064) = 0.9299720087
  asin(1.0000000000) = 1.5707963119

Vyper Constants:
STEP_SIZE: constant(decimal) = 0.0020040080
INV_STEP: constant(decimal) = 499.0000000000
TABLE_SIZE: constant(uint256) = 500

ASIN_TABLE: constant(decimal[500]) = [
    0.0000000000, 0.0020040094, 0.0040080268, 0.0060120603, 0.0080161179,
    0.0100202078, 0.0120243378, 0.0140285162, 0.0160327510, 0.0180370501,
    0.0200414218, 0.0220458739, 0.0240504147, 0.0260550521, 0.0280597942,
    0.0300646492, 0.0320696250, 0.0340747298, 0.0360799717, 0.0380853587,
    0.0400908990, 0.0420966006, 0.0441024717, 0.0461085204, 0.0481147547,
    0.0501211829, 0.0521278131, 0.0541346534, 0.0561417119, 0.0581489968,
    0.0601565164, 0.0621642787, 0.0641722919, 0.0661805643, 0.0681891040,
    0.0701979193, 0.0722070184, 0.0742164094, 0.0762261008, 0.0782361006,
    0.0802464172, 0.0822570589, 0.0842680339, 0.0862793506, 0.0882910172,
    0.0903030421, 0.0923154337, 0.0943282003, 0.0963413502, 0.0983548918,
    0.1003688336, 0.1023831839, 0.1043979512, 0.1064131439, 0.1084287705,
    0.1104448395, 0.1124613593, 0.1144783384, 0.1164957854, 0.1185137089,
    0.1205321173, 0.1225510193, 0.1245704234, 0.1265903383, 0.1286107726,
    0.1306317350, 0.1326532341, 0.1346752786, 0.1366978773, 0.1387210389,
    0.1407447721, 0.1427690857, 0.1447939886, 0.1468194895, 0.1488455973,
    0.1508723209, 0.1528996692, 0.1549276510, 0.1569562753, 0.1589855512,
    0.1610154875, 0.1630460934, 0.1650773777, 0.1671093497, 0.1691420184,
    0.1711753930, 0.1732094825, 0.1752442962, 0.1772798433, 0.1793161330,
    0.1813531746, 0.1833909774, 0.1854295507, 0.1874689038, 0.1895090462,
    0.1915499872, 0.1935917364, 0.1956343031, 0.1976776970, 0.1997219275,
    0.2017670043, 0.2038129369, 0.2058597351, 0.2079074084, 0.2099559667,
    0.2120054196, 0.2140557769, 0.2161070486, 0.2181592445, 0.2202123744,
    0.2222664483, 0.2243214762, 0.2263774681, 0.2284344340, 0.2304923842,
    0.2325513287, 0.2346112776, 0.2366722413, 0.2387342300, 0.2407972540,
    0.2428613237, 0.2449264494, 0.2469926416, 0.2490599108, 0.2511282675,
    0.2531977224, 0.2552682860, 0.2573399689, 0.2594127820, 0.2614867361,
    0.2635618418, 0.2656381101, 0.2677155520, 0.2697941784, 0.2718740002,
    0.2739550287, 0.2760372749, 0.2781207500, 0.2802054652, 0.2822914319,
    0.2843786614, 0.2864671651, 0.2885569544, 0.2906480410, 0.2927404362,
    0.2948341519, 0.2969291997, 0.2990255913, 0.3011233386, 0.3032224535,
    0.3053229479, 0.3074248338, 0.3095281233, 0.3116328285, 0.3137389616,
    0.3158465349, 0.3179555608, 0.3200660517, 0.3221780199, 0.3242914782,
    0.3264064390, 0.3285229151, 0.3306409193, 0.3327604644, 0.3348815632,
    0.3370042288, 0.3391284743, 0.3412543127, 0.3433817574, 0.3455108215,
    0.3476415186, 0.3497738619, 0.3519078651, 0.3540435419, 0.3561809058,
    0.3583199707, 0.3604607505, 0.3626032592, 0.3647475107, 0.3668935193,
    0.3690412991, 0.3711908646, 0.3733422300, 0.3754954100, 0.3776504192,
    0.3798072721, 0.3819659837, 0.3841265689, 0.3862890426, 0.3884534199,
    0.3906197160, 0.3927879463, 0.3949581262, 0.3971302711, 0.3993043967,
    0.4014805188, 0.4036586531, 0.4058388157, 0.4080210225, 0.4102052899,
    0.4123916340, 0.4145800713, 0.4167706183, 0.4189632917, 0.4211581083,
    0.4233550850, 0.4255542387, 0.4277555867, 0.4299591462, 0.4321649346,
    0.4343729695, 0.4365832685, 0.4387958495, 0.4410107305, 0.4432279294,
    0.4454474645, 0.4476693543, 0.4498936171, 0.4521202717, 0.4543493369,
    0.4565808316, 0.4588147750, 0.4610511862, 0.4632900848, 0.4655314903,
    0.4677754224, 0.4700219011, 0.4722709464, 0.4745225786, 0.4767768179,
    0.4790336851, 0.4812932009, 0.4835553861, 0.4858202620, 0.4880878497,
    0.4903581707, 0.4926312468, 0.4949070996, 0.4971857514, 0.4994672242,
    0.5017515405, 0.5040387230, 0.5063287945, 0.5086217780, 0.5109176966,
    0.5132165740, 0.5155184337, 0.5178232997, 0.5201311960, 0.5224421470,
    0.5247561771, 0.5270733113, 0.5293935745, 0.5317169919, 0.5340435891,
    0.5363733918, 0.5387064259, 0.5410427178, 0.5433822939, 0.5457251809,
    0.5480714059, 0.5504209962, 0.5527739792, 0.5551303829, 0.5574902353,
    0.5598535648, 0.5622204001, 0.5645907701, 0.5669647041, 0.5693422318,
    0.5717233828, 0.5741081875, 0.5764966763, 0.5788888801, 0.5812848299,
    0.5836845573, 0.5860880941, 0.5884954723, 0.5909067246, 0.5933218837,
    0.5957409830, 0.5981640558, 0.6005911363, 0.6030222586, 0.6054574576,
    0.6078967682, 0.6103402261, 0.6127878670, 0.6152397273, 0.6176958437,
    0.6201562533, 0.6226209937, 0.6250901029, 0.6275636193, 0.6300415819,
    0.6325240299, 0.6350110033, 0.6375025423, 0.6399986877, 0.6424994808,
    0.6450049635, 0.6475151779, 0.6500301669, 0.6525499739, 0.6550746427,
    0.6576042178, 0.6601387442, 0.6626782674, 0.6652228336, 0.6677724896,
    0.6703272826, 0.6728872606, 0.6754524723, 0.6780229667, 0.6805987939,
    0.6831800042, 0.6857666489, 0.6883587800, 0.6909564499, 0.6935597119,
    0.6961686202, 0.6987832295, 0.7014035952, 0.7040297738, 0.7066618223,
    0.7092997986, 0.7119437614, 0.7145937702, 0.7172498855, 0.7199121686,
    0.7225806816, 0.7252554876, 0.7279366505, 0.7306242355, 0.7333183083,
    0.7360189359, 0.7387261862, 0.7414401282, 0.7441608318, 0.7468883682,
    0.7496228095, 0.7523642291, 0.7551127013, 0.7578683020, 0.7606311078,
    0.7634011968, 0.7661786485, 0.7689635433, 0.7717559634, 0.7745559918,
    0.7773637134, 0.7801792141, 0.7830025815, 0.7858339047, 0.7886732741,
    0.7915207818, 0.7943765215, 0.7972405885, 0.8001130798, 0.8029940940,
    0.8058837316, 0.8087820949, 0.8116892880, 0.8146054168, 0.8175305893,
    0.8204649154, 0.8234085071, 0.8263614785, 0.8293239458, 0.8322960274,
    0.8352778442, 0.8382695191, 0.8412711777, 0.8442829478, 0.8473049601,
    0.8503373474, 0.8533802457, 0.8564337935, 0.8594981321, 0.8625734059,
    0.8656597621, 0.8687573511, 0.8718663266, 0.8749868454, 0.8781190679,
    0.8812631577, 0.8844192822, 0.8875876126, 0.8907683236, 0.8939615941,
    0.8971676071, 0.9003865497, 0.9036186134, 0.9068639940, 0.9101228922,
    0.9133955134, 0.9166820679, 0.9199827712, 0.9232978440, 0.9266275125,
    0.9299720087, 0.9333315703, 0.9367064413, 0.9400968718, 0.9435031186,
    0.9469254452, 0.9503641221, 0.9538194272, 0.9572916459, 0.9607810716,
    0.9642880058, 0.9678127585, 0.9713556485, 0.9749170040, 0.9784971626,
    0.9820964719, 0.9857152900, 0.9893539857, 0.9930129393, 0.9966925427,
    1.0003932002, 1.0041153290, 1.0078593597, 1.0116257370, 1.0154149202,
    1.0192273841, 1.0230636197, 1.0269241347, 1.0308094548, 1.0347201241,
    1.0386567063, 1.0426197858, 1.0466099684, 1.0506278829, 1.0546741818,
    1.0587495430, 1.0628546711, 1.0669902988, 1.0711571884, 1.0753561339,
    1.0795879625, 1.0838535366, 1.0881537562, 1.0924895608, 1.0968619326,
    1.1012718982, 1.1057205325, 1.1102089613, 1.1147383649, 1.1193099820,
    1.1239251137, 1.1285851278, 1.1332914642, 1.1380456397, 1.1428492545,
    1.1477039982, 1.1526116571, 1.1575741226, 1.1625933992, 1.1676716150,
    1.1728110321, 1.1780140590, 1.1832832641, 1.1886213906, 1.1940313746,
    1.1995163633, 1.2050797380, 1.2107251385, 1.2164564919, 1.2222780454,
    1.2281944038, 1.2342105732, 1.2403320119, 1.2465646894, 1.2529151559,
    1.2593906249, 1.2659990709, 1.2727493467, 1.2796513251, 1.2867160711,
    1.2939560536, 1.3013854084, 1.3090202669, 1.3168791748, 1.3249836295,
    1.3333587830, 1.3420343745, 1.3510459945, 1.3604368346, 1.3702601739,
    1.3805830198, 1.3914916360, 1.4031003096, 1.4155660337, 1.4291148639,
    1.4440938053, 1.4610870948, 1.4812340997, 1.5074768556, 1.5707963119
]

================================================================================
GENERATING ACOS(x) LOOKUP TABLE
================================================================================
Range: [0, 1]
Points: 500
Step size: 0.0020040080
Inverse step: 499.0000000000
Output range: [π/2, 0] = [1.5707963268, 0] radians (DECREASING)

  acos(0.0000000000) = 1.5707963268
  acos(0.2004008016) = 1.3690293225
  acos(0.4008016032) = 1.1584046928
  acos(0.6012024048) = 0.9257913633
  acos(0.8016032064) = 0.6408243181
  acos(1.0000000000) = 0.0000000149

Note: We can use identity acos(x) = π/2 - asin(x) instead of a table!
HALF_PI: constant(decimal) = 1.5707963268

ACOS_TABLE: constant(decimal[500]) = [  # Optional - can use asin identity
    1.5707963268, 1.5687923174, 1.5667883000, 1.5647842665, 1.5627802089,
    1.5607761190, 1.5587719889, 1.5567678106, 1.5547635758, 1.5527592767,
    1.5507549050, 1.5487504529, 1.5467459121, 1.5447412747, 1.5427365326,
    1.5407316776, 1.5387267018, 1.5367215969, 1.5347163551, 1.5327109681,
    1.5307054278, 1.5286997262, 1.5266938551, 1.5246878064, 1.5226815720,
    1.5206751439, 1.5186685137, 1.5166616734, 1.5146546149, 1.5126473299,
    1.5106398104, 1.5086320481, 1.5066240349, 1.5046157625, 1.5026072228,
    1.5005984075, 1.4985893084, 1.4965799174, 1.4945702260, 1.4925602262,
    1.4905499096, 1.4885392679, 1.4865282929, 1.4845169762, 1.4825053096,
    1.4804932846, 1.4784808931, 1.4764681265, 1.4744549766, 1.4724414350,
    1.4704274932, 1.4684131429, 1.4663983756, 1.4643831829, 1.4623675563,
    1.4603514873, 1.4583349675, 1.4563179884, 1.4543005414, 1.4522826179,
    1.4502642095, 1.4482453075, 1.4462259034, 1.4442059885, 1.4421855542,
    1.4401645918, 1.4381430927, 1.4361210482, 1.4340984495, 1.4320752879,
    1.4300515547, 1.4280272411, 1.4260023382, 1.4239768373, 1.4219507295,
    1.4199240059, 1.4178966576, 1.4158686758, 1.4138400514, 1.4118107756,
    1.4097808393, 1.4077502334, 1.4057189491, 1.4036869771, 1.4016543084,
    1.3996209338, 1.3975868443, 1.3955520305, 1.3935164835, 1.3914801937,
    1.3894431522, 1.3874053494, 1.3853667761, 1.3833274230, 1.3812872806,
    1.3792463396, 1.3772045904, 1.3751620237, 1.3731186298, 1.3710743993,
    1.3690293225, 1.3669833899, 1.3649365917, 1.3628889184, 1.3608403601,
    1.3587909072, 1.3567405498, 1.3546892782, 1.3526370823, 1.3505839524,
    1.3485298785, 1.3464748506, 1.3444188587, 1.3423618928, 1.3403039426,
    1.3382449981, 1.3361850492, 1.3341240855, 1.3320620968, 1.3299990728,
    1.3279350031, 1.3258698774, 1.3238036852, 1.3217364160, 1.3196680593,
    1.3175986044, 1.3155280408, 1.3134563579, 1.3113835448, 1.3093095907,
    1.3072344850, 1.3051582167, 1.3030807748, 1.3010021484, 1.2989223266,
    1.2968412981, 1.2947590519, 1.2926755768, 1.2905908616, 1.2885048949,
    1.2864176654, 1.2843291617, 1.2822393724, 1.2801482858, 1.2780558906,
    1.2759621749, 1.2738671271, 1.2717707355, 1.2696729882, 1.2675738733,
    1.2654733789, 1.2633714930, 1.2612682035, 1.2591634983, 1.2570573652,
    1.2549497918, 1.2528407660, 1.2507302751, 1.2486183069, 1.2465048486,
    1.2443898878, 1.2422734117, 1.2401554075, 1.2380358624, 1.2359147636,
    1.2337920980, 1.2316678525, 1.2295420141, 1.2274145694, 1.2252855053,
    1.2231548082, 1.2210224649, 1.2188884617, 1.2167527849, 1.2146154210,
    1.2124763561, 1.2103355763, 1.2081930676, 1.2060488161, 1.2039028075,
    1.2017550277, 1.1996054622, 1.1974540968, 1.1953009168, 1.1931459076,
    1.1909890547, 1.1888303431, 1.1866697579, 1.1845072842, 1.1823429069,
    1.1801766108, 1.1780083805, 1.1758382006, 1.1736660557, 1.1714919301,
    1.1693158080, 1.1671376737, 1.1649575111, 1.1627753043, 1.1605910369,
    1.1584046928, 1.1562162555, 1.1540257085, 1.1518330351, 1.1496382185,
    1.1474412418, 1.1452420881, 1.1430407401, 1.1408371806, 1.1386313922,
    1.1364233573, 1.1342130583, 1.1320004773, 1.1297855963, 1.1275683974,
    1.1253488623, 1.1231269725, 1.1209027097, 1.1186760551, 1.1164469899,
    1.1142154952, 1.1119815518, 1.1097451406, 1.1075062420, 1.1052648365,
    1.1030209043, 1.1007744257, 1.0985253804, 1.0962737482, 1.0940195089,
    1.0917626417, 1.0895031259, 1.0872409407, 1.0849760648, 1.0827084771,
    1.0804381561, 1.0781650800, 1.0758892272, 1.0736105754, 1.0713291026,
    1.0690447862, 1.0667576038, 1.0644675323, 1.0621745488, 1.0598786302,
    1.0575797528, 1.0552778930, 1.0529730271, 1.0506651308, 1.0483541798,
    1.0460401497, 1.0437230155, 1.0414027523, 1.0390793349, 1.0367527377,
    1.0344229350, 1.0320899009, 1.0297536090, 1.0274140329, 1.0250711458,
    1.0227249208, 1.0203753306, 1.0180223475, 1.0156659439, 1.0133060915,
    1.0109427620, 1.0085759267, 1.0062055567, 1.0038316227, 1.0014540950,
    0.9990729440, 0.9966881393, 0.9942996505, 0.9919074467, 0.9895114969,
    0.9871117695, 0.9847082327, 0.9823008545, 0.9798896022, 0.9774744431,
    0.9750553438, 0.9726322710, 0.9702051905, 0.9677740682, 0.9653388692,
    0.9628995586, 0.9604561007, 0.9580084598, 0.9555565995, 0.9531004831,
    0.9506400735, 0.9481753331, 0.9457062239, 0.9432327075, 0.9407547449,
    0.9382722969, 0.9357853235, 0.9332937845, 0.9307976391, 0.9282968460,
    0.9257913633, 0.9232811489, 0.9207661599, 0.9182463529, 0.9157216841,
    0.9131921090, 0.9106575826, 0.9081180594, 0.9055734932, 0.9030238372,
    0.9004690442, 0.8979090662, 0.8953438545, 0.8927733601, 0.8901975329,
    0.8876163226, 0.8850296779, 0.8824375468, 0.8798398769, 0.8772366149,
    0.8746277066, 0.8720130973, 0.8693927316, 0.8667665530, 0.8641345045,
    0.8614965282, 0.8588525654, 0.8562025566, 0.8535464413, 0.8508841582,
    0.8482156452, 0.8455408392, 0.8428596763, 0.8401720913, 0.8374780185,
    0.8347773909, 0.8320701406, 0.8293561986, 0.8266354950, 0.8239079586,
    0.8211735173, 0.8184320977, 0.8156836255, 0.8129280248, 0.8101652190,
    0.8073951300, 0.8046176783, 0.8018327834, 0.7990403634, 0.7962403350,
    0.7934326134, 0.7906171127, 0.7877937453, 0.7849624221, 0.7821230527,
    0.7792755450, 0.7764198053, 0.7735557383, 0.7706832470, 0.7678022328,
    0.7649125952, 0.7620142318, 0.7591070388, 0.7561909100, 0.7532657375,
    0.7503314114, 0.7473878197, 0.7444348483, 0.7414723810, 0.7385002994,
    0.7355184826, 0.7325268077, 0.7295251491, 0.7265133789, 0.7234913667,
    0.7204589794, 0.7174160811, 0.7143625333, 0.7112981947, 0.7082229209,
    0.7051365647, 0.7020389757, 0.6989300002, 0.6958094814, 0.6926772589,
    0.6895331691, 0.6863770446, 0.6832087142, 0.6800280032, 0.6768347327,
    0.6736287196, 0.6704097771, 0.6671777134, 0.6639323328, 0.6606734346,
    0.6574008134, 0.6541142589, 0.6508135556, 0.6474984828, 0.6441688143,
    0.6408243181, 0.6374647565, 0.6340898855, 0.6306994550, 0.6272932082,
    0.6238708816, 0.6204322047, 0.6169768996, 0.6135046809, 0.6100152552,
    0.6065083210, 0.6029835683, 0.5994406783, 0.5958793228, 0.5922991642,
    0.5886998549, 0.5850810368, 0.5814423411, 0.5777833875, 0.5741037841,
    0.5704031266, 0.5666809978, 0.5629369671, 0.5591705898, 0.5553814066,
    0.5515689427, 0.5477327071, 0.5438721921, 0.5399868720, 0.5360762027,
    0.5321396205, 0.5281765410, 0.5241863584, 0.5201684439, 0.5161221450,
    0.5120467838, 0.5079416557, 0.5038060280, 0.4996391384, 0.4954401929,
    0.4912083643, 0.4869427902, 0.4826425706, 0.4783067660, 0.4739343942,
    0.4695244286, 0.4650757943, 0.4605873655, 0.4560579619, 0.4514863448,
    0.4468712131, 0.4422111990, 0.4375048626, 0.4327506870, 0.4279470723,
    0.4230923286, 0.4181846697, 0.4132222042, 0.4082029276, 0.4031247118,
    0.3979852947, 0.3927822678, 0.3875130627, 0.3821749361, 0.3767649522,
    0.3712799635, 0.3657165888, 0.3600711883, 0.3543398349, 0.3485182814,
    0.3426019230, 0.3365857536, 0.3304643148, 0.3242316374, 0.3178811709,
    0.3114057019, 0.3047972559, 0.2980469801, 0.2911450017, 0.2840802557,
    0.2768402732, 0.2694109184, 0.2617760599, 0.2539171520, 0.2458126973,
    0.2374375438, 0.2287619523, 0.2197503323, 0.2103594922, 0.2005361529,
    0.1902133070, 0.1793046908, 0.1676960172, 0.1552302931, 0.1416814629,
    0.1267025215, 0.1097092320, 0.0895622271, 0.0633194712, 0.0000000149
]

================================================================================
VERIFICATION: Testing Interpolation Accuracy
================================================================================

Testing TAN interpolation...
  Max interpolation error: 1.61e+00
  ✗ FAIL (threshold: 1e-6)

Testing ASIN interpolation...
  Max interpolation error: 1.31e-02
  ✗ FAIL (threshold: 1e-8)

Testing ACOS via identity acos(x) = π/2 - asin(x)...
  Max error using identity: 2.22e-16
  ✓ PASS (threshold: 1e-15)

================================================================================
SUMMARY
================================================================================
✓ Generated TAN table: 500 points, range [0, 1.560796)
✓ Generated ASIN table: 500 points, range [0, 1]
✓ Generated ACOS table: 500 points, range [0, 1]

📝 Next steps:
  1. Copy constants and arrays into Vyper contracts
  2. Implement interpolation logic
  3. Add symmetry handling (negative values, etc.)
  4. Deploy and test!

